x_0: -49.038747
x_1: -0.240138
x_2: 1.218476
x_3: -1.179446
x_4: 0.652510
x_5: 1.530394
x_6: 1.491084
x_7: 1.666113
x_8: -0.728272
x_9: -0.163258
x_10: -0.551901
x_11: -0.277372
x_12: -0.589044
x_13: 0.717515
x_14: 1.931915
x_15: -0.243729
x_16: 1.382210
x_17: 2.396379
x_18: -0.030580
x_19: 2.092144
x_20: -0.641321
x_21: 2.129222
x_22: 0.071261
x_23: 0.109652
x_24: 1.060580
x_25: 1.536409
x_26: -0.609439
x_27: -0.469160
x_28: -0.453525
x_29: -0.686988
x_30: -0.325511
x_31: -0.492636
x_32: 0.113877
x_33: 1.223943
x_34: 1.533036
x_35: 0.074568
x_36: 0.992470
x_37: -0.208686
x_38: 0.811508
x_39: -0.574594
x_40: 0.350437
x_41: 0.481441
x_42: 0.544658
x_43: -0.042438
x_44: -0.937193
x_45: 1.625041
x_46: 2.794355
x_47: -0.218223
x_48: -0.922950
x_49: 1.792130
